00011010100110111000101100100111
10010001001110100011010011010101
10001101101000010101000010110001
01011011100000001100001010011011
10100001010110110110100000000010
11011111111000011011001010001110
11110101101100010000010111011101
01010110100000101000001100011000
11110001000011001111000011110101
10011110101110110111111111001000
01010001111100010011011111101100
10111000101101101011010011111000
11111010001001010111001011010000
11010001011001101110101110001100
01000101011100111010000111110010
10110111111100000011110001110010
11111110000010101110111001000011
10000010011111111100011101101000
01010001000110011010001111000001
01001101100011000001001000000010
01011000101000101000111101000000
11011000101010101110101100010001
00001001000010110010001010001111
01000101110011001101101010110001
00011100101101011001011010010011
10001000101111001000011010110101
10101100011100000000101001101110
10111111011100011010111001000101
10110111000101011101110110000010
11100110001010010011000010100101
00011101110000111100011110100110
10110100111101100110111011011011
